42.0
100.0
22.0
41.0
96.0
20.0
57.0
63.0
8.0
96.0
46.0
44.0
42.0
30.0
55.0
22.0
6.0
13.0
80.0
104.0
28.0
104.0
14.0
46.0
37.0
71.0
50.0
48.0
53.0
61.0
97.0
53.0
6.0
39.0
97.0
8.0
53.0
83.0
97.0
57.0
45.0
98.0
11.0
82.0
101.0
85.0
11.0
84.0
15.0
32.0
24.0
21.0
88.0
84.0
11.0
77.0
30.0
53.0
39.0
8.0
61.0
64.0
17.0
79.0
33.0
79.0
43.0
39.0
21.0
9.0
84.0
104.0
38.0
17.0
97.0
81.0
24.0
66.0
95.0
64.0
103.0
62.0
98.0
48.0
60.0
67.0
17.0
98.0
86.0
71.0
39.0
51.0
15.0
36.0
82.0
57.0
45.0
32.0
14.0
79.0
